double density_axis[51] = {
1.048117000000e-07,
1.048117000000e-06,
1.048117000000e-05,
1.048117000000e-04,
1.048117000000e-03,
1.362350600000e-03,
1.770793860000e-03,
2.301691570000e-03,
2.991756540000e-03,
3.888708320000e-03,
5.054573200000e-03,
6.569973390000e-03,
8.539702310000e-03,
1.109997120000e-02,
1.442782860000e-02,
1.875340330000e-02,
2.437581890000e-02,
3.168387820000e-02,
4.118295040000e-02,
5.352991790000e-02,
6.957860190000e-02,
9.043880580000e-02,
1.175530600000e-01,
1.527963780000e-01,
1.986059160000e-01,
2.581495080000e-01,
3.355447310000e-01,
4.361436400000e-01,
4.807212020000e-01,
5.252987640000e-01,
5.698763250000e-01,
6.144538870000e-01,
6.590314490000e-01,
7.036090110000e-01,
7.481865730000e-01,
7.927641350000e-01,
8.373416960000e-01,
8.819192580000e-01,
9.264968200000e-01,
9.710743820000e-01,
1.015651940000e+00,
1.060229510000e+00,
1.104807070000e+00,
1.149384630000e+00,
1.193962190000e+00,
1.238539750000e+00,
1.283117310000e+00,
1.306190060000e+00,
1.327694880000e+00,
1.372272440000e+00,
1.416850000000e+00
};

double temp_axis[23] = {
5.435899999999992E+01,
6.548366669999996E+01,
7.660833330000014E+01,
8.773300000000017E+01,
9.885766670000021E+01,
1.099823329999999E+02,
1.211070000000000E+02,
1.322316670000000E+02,
1.433563329999997E+02,
1.544809999999998E+02,
1.647100000000000E+02,
1.749409169999999E+02,
1.954008329999997E+02,
2.158607499999998E+02,
2.363206670000000E+02,
2.567805829999998E+02,
2.772404999999999E+02,
2.977004170000000E+02,
3.181603329999998E+02,
3.386202499999999E+02,
3.590801670000001E+02,
3.795400829999999E+02,
4.000000000000000E+02
};

double data[1173] = {
1.480342559999999E-09, 1.480307370000002E-08, 1.479955420000002E-07, 1.476433849999997E-06, 1.441009789999998E-05, 1.857588030000006E-05, 2.388302349999995E-05, 3.059827519999989E-05, 3.901482229999998E-05, 4.942149330000004E-05, 6.203386599999998E-05, 7.685339410000003E-05, 9.339200050000008E-05, 1.101461060000002E-04, 1.236034020000000E-04, 1.263750780000003E-04, 1.036858300000002E-04, 2.678416910000003E-05, -1.593464569999998E-04, -5.584047720000006E-04, -1.361345030000002E-03, -2.903100830000005E-03, -5.706861539999997E-03, -1.034568200000002E-02, -1.650083510000000E-02, -1.965325510000004E-02, -4.446231909999987E-03, 5.079421820000007E-02, 7.768830590000020E-02, 9.658991959999996E-02, 1.012846310000000E-01, 8.819598160000020E-02, 5.744584670000008E-02, 1.283974329999998E-02, -3.915098760000002E-02, -9.100484949999998E-02, -1.358224280000000E-01, -1.685949259999999E-01, -1.868276929999997E-01, -1.905147779999998E-01, -1.816221950000001E-01, -1.632925500000004E-01, -1.389597929999997E-01, -1.115142640000002E-01, -8.262879990000016E-02, -5.236040900000005E-02, -1.916523209999998E-02, 4.900804619999998E-08, 1.951738319999996E-02, 6.596050110000018E-02, 1.200026120000000E-01,
1.783299090000000E-09, 1.783272650000004E-08, 1.783008309999998E-07, 1.780363910000001E-06, 1.753827349999999E-05, 2.268099690000002E-05, 2.928551749999998E-05, 3.773434809999998E-05, 4.848557090000004E-05, 6.206772179999983E-05, 7.905303140000014E-05, 9.998753010000009E-05, 1.252383939999999E-04, 1.546857540000003E-04, 1.871252350000002E-04, 2.191349339999999E-04, 2.429528620000003E-04, 2.425325619999997E-04, 1.862838439999999E-04, 1.397747460000001E-05, -3.857740059999993E-04, -1.209761679999997E-03, -2.774409840000006E-03, -5.475040610000010E-03, -9.384880539999974E-03, -1.274357860000003E-02, -8.729611510000013E-03, 1.323513949999999E-02, 2.470150159999995E-02, 3.305608339999999E-02, 3.548516960000003E-02, 3.029114119999998E-02, 1.735803489999999E-02, -1.855626470000003E-03, -2.474616969999999E-02, -4.822502119999994E-02, -6.937739040000013E-02, -8.594229079999982E-02, -9.654063380000011E-02, -1.006713779999999E-01, -9.854183659999993E-02, -9.079693629999985E-02, -7.818997080000001E-02, -6.122540940000000E-02, -3.981895319999995E-02, -1.305639069999998E-02, 2.082841550000003E-02, 4.191420319999994E-02, 6.411499930000009E-02, 1.187622110000000E-01, 1.849733599999999E-01,
2.086255199999998E-09, 2.086233780000002E-08, 2.086019629999997E-07, 2.083877710000004E-06, 2.062416940000001E-05, 2.671431409999997E-05, 3.456589940000008E-05, 4.466234010000003E-05, 5.760087500000007E-05, 7.410488240000004E-05, 9.502442160000011E-05, 1.213102960000000E-04, 1.539342250000001E-04, 1.937047919999997E-04, 2.408875020000001E-04, 2.944627169999998E-04, 3.507210789999993E-04, 4.006574480000004E-04, 4.252149570000002E-04, 3.867931319999993E-04, 2.147114289999998E-04, -2.173191040000001E-04, -1.117015579999998E-03, -2.766467760000002E-03, -5.338245399999996E-03, -8.141173860000015E-03, -7.919015460000012E-03, 7.701693289999985E-04, 5.641378569999994E-03, 9.079858150000009E-03, 9.671678660000016E-03, 6.541892689999996E-03, -4.156284199999995E-04, -1.054188849999999E-02, -2.261454929999995E-02, -3.514643539999995E-02, -4.666954579999993E-02, -5.593149129999997E-02, -6.198603400000002E-02, -6.419828639999992E-02, -6.219328610000008E-02, -5.576195360000002E-02, -4.472214350000003E-02, -2.873390809999998E-02, -7.093031959999996E-03, 2.143399000000001E-02, 5.863454569999993E-02, 8.199165080000004E-02, 1.066178340000001E-01, 1.672168689999998E-01, 2.409411959999996E-01,
2.389211109999993E-09, 2.389192859999996E-08, 2.389010430000000E-07, 2.387185960000006E-06, 2.368924310000001E-05, 3.071230170000007E-05, 3.978626080000006E-05, 5.148820080000004E-05, 6.654203220000021E-05, 8.584431759999998E-05, 1.104851120000000E-04, 1.417533540000000E-04, 1.811067650000003E-04, 2.300690970000003E-04, 2.899870760000000E-04, 3.615254879999995E-04, 4.436840050000003E-04, 5.319548729999999E-04, 6.149643609999998E-04, 6.685141610000001E-04, 6.454291119999990E-04, 4.596378409999994E-04, -3.376556380000001E-05, -1.044088569999997E-03, -2.759158849999999E-03, -4.949120430000010E-03, -6.022816590000007E-03, -3.128392610000003E-03, -1.312115789999999E-03, -2.624582609999995E-04, -7.364956110000009E-04, -3.200859230000005E-03, -7.707861330000010E-03, -1.389716689999998E-02, -2.109768329999995E-02, -2.847123100000004E-02, -3.514072679999991E-02, -4.027249199999994E-02, -4.311340019999998E-02, -4.299954050000010E-02, -3.934819269999990E-02, -3.162857790000007E-02, -1.929561560000004E-02, -1.677383450000000E-03, 2.216748930000001E-02, 5.357134499999994E-02, 9.427700899999980E-02, 1.196516960000000E-01, 1.462612360000000E-01, 2.112749139999996E-01, 2.900345610000006E-01,
2.692166899999997E-09, 2.692150830000002E-08, 2.691990140000008E-07, 2.690383130000005E-06, 2.674308629999999E-05, 3.469124639999990E-05, 4.497429819999999E-05, 5.825911820000009E-05, 7.538963439999991E-05, 9.742409260000019E-05, 1.256725470000003E-04, 1.617270420000002E-04, 2.074694040000002E-04, 2.650280309999999E-04, 3.366312090000000E-04, 4.242628120000001E-04, 5.289543719999984E-04, 6.494256059999987E-04, 7.795854469999988E-04, 9.041008220000007E-04, 9.908647209999968E-04, 9.790872790000002E-04, 7.634338510000005E-04, 1.837720520000002E-04, -9.366742419999984E-04, -2.578090079999998E-03, -3.983632079999993E-03, -3.675384310000002E-03, -3.302673399999997E-03, -3.392317379999996E-03, -4.361127599999987E-03, -6.453071680000005E-03, -9.667636709999983E-03, -1.376016460000001E-02, -1.829563759999997E-02, -2.272002019999997E-02, -2.641815370000000E-02, -2.874663550000001E-02, -2.904873659999996E-02, -2.666401159999998E-02, -2.093622159999997E-02, -1.120845960000000E-02, 3.213180600000004E-03, 2.313785670000001E-02, 4.959725839999996E-02, 8.393935389999996E-02, 1.278419069999996E-01, 1.549356189999997E-01, 1.831692489999996E-01, 2.516022570000001E-01, 3.339896390000003E-01,
2.995122640000003E-09, 2.995108160000005E-08, 2.994963420000000E-07, 2.993516019999993E-06, 2.979044130000004E-05, 3.865919550000000E-05, 5.014368410000005E-05, 6.499836039999991E-05, 8.418336260000020E-05, 1.089120599999998E-04, 1.407031420000001E-04, 1.814319539999998E-04, 2.333696170000003E-04, 2.991874390000007E-04, 3.818845760000002E-04, 4.845631540000007E-04, 6.099176239999991E-04, 7.592095379999990E-04, 9.303454279999992E-04, 1.114445620000001E-03, 1.290004050000002E-03, 1.413589469999997E-03, 1.406908380000002E-03, 1.145177300000001E-03, 4.710571170000004E-04, -6.904574130000007E-04, -2.015930210000003E-03, -2.771032519999994E-03, -3.037325559999998E-03, -3.602481089999998E-03, -4.692628070000010E-03, -6.420925520000010E-03, -8.743559909999978E-03, -1.145913710000002E-02, -1.423762670000001E-02, -1.665569400000000E-02, -1.822109949999995E-02, -1.838322449999996E-02, -1.653836180000001E-02, -1.203914039999998E-02, -4.207611710000004E-03, 7.660941000000003E-03, 2.432138809999995E-02, 4.663871830000010E-02, 7.567337839999988E-02, 1.127558909999999E-01, 1.594951370000004E-01, 1.880622939999999E-01, 2.176573299999998E-01, 2.888586980000003E-01, 3.740300790000006E-01,
3.298078329999999E-09, 3.298065099999994E-08, 3.297932780000002E-07, 3.296609650000003E-06, 3.283383880000007E-05, 4.262044079999996E-05, 5.530170530000005E-05, 7.171831700000018E-05, 9.294432070000018E-05, 1.203442510000000E-04, 1.556386030000002E-04, 2.009741579999998E-04, 2.589905949999995E-04, 3.328655649999998E-04, 4.263039819999998E-04, 5.434090030000012E-04, 6.883244810000009E-04, 8.644604529999995E-04, 1.072990090000003E-03, 1.310125449999998E-03, 1.562452350000000E-03, 1.799450979999999E-03, 1.962765249999998E-03, 1.954696620000002E-03, 1.639802269999997E-03, 9.055007739999997E-04, -1.496064939999998E-04, -1.187288379999998E-03, -1.662038640000002E-03, -2.330495789999998E-03, -3.304721679999997E-03, -4.616164859999994E-03, -6.187113239999986E-03, -7.829397680000016E-03, -9.259797670000014E-03, -1.011660019999999E-02, -9.967493950000019E-03, -8.309840909999977E-03, -4.571759439999989E-03, 1.879122810000002E-03, 1.172177569999999E-02, 2.567558280000004E-02, 4.451790890000007E-02, 6.913318679999980E-02, 1.005833560000000E-01, 1.401685930000003E-01, 1.894313900000002E-01, 2.192841400000001E-01, 2.500514969999994E-01, 3.235847179999993E-01, 4.110113850000001E-01,
3.601033999999998E-09, 3.601021780000002E-08, 3.600899629999994E-07, 3.599678210000005E-06, 3.587471260000003E-05, 4.657741260000009E-05, 6.045248529999996E-05, 7.842599350000019E-05, 1.016844299999999E-04, 1.317409969999999E-04, 1.705136899999996E-04, 2.204132859999998E-04, 2.844350729999997E-04, 3.662403320000007E-04, 4.701995560000006E-04, 6.013451359999991E-04, 7.651405969999990E-04, 9.669075650000012E-04, 1.210649410000000E-03, 1.496863399999999E-03, 1.818750309999999E-03, 2.156090629999996E-03, 2.466271229999997E-03, 2.673622619999996E-03, 2.665068260000000E-03, 2.320750869999999E-03, 1.629477519999999E-03, 7.341925329999999E-04, 2.937927439999998E-04, -2.606402360000003E-04, -9.689894890000002E-04, -1.808921909999997E-03, -2.676383950000000E-03, -3.383794630000006E-03, -3.667757310000005E-03, -3.195515639999993E-03, -1.564614470000003E-03, 1.701424100000001E-03, 7.153801930000009E-03, 1.541054180000001E-02, 2.714350779999997E-02, 4.307236129999992E-02, 6.397941469999990E-02, 9.075157229999986E-02, 1.244399469999999E-01, 1.663101160000000E-01, 2.178429279999996E-01, 2.488393120000003E-01, 2.806415750000006E-01, 3.562056299999998E-01, 4.455436909999992E-01,
3.903989650000001E-09, 3.903978299999995E-08, 3.903864819999997E-07, 3.902730149999995E-06, 3.891391480000009E-05, 5.053155500000008E-05, 6.559847329999993E-05, 8.512554800000011E-05, 1.104107610000000E-04, 1.431143389999997E-04, 1.853489650000002E-04, 2.397845569999998E-04, 3.097635929999992E-04, 3.994163109999997E-04, 5.137529789999984E-04, 6.586894280000005E-04, 8.409268060000017E-04, 1.067549780000003E-03, 1.345120730000003E-03, 1.677925279999999E-03, 2.064875820000006E-03, 2.494462949999998E-03, 2.937255750000006E-03, 3.336450589999998E-03, 3.601175839999998E-03, 3.621167770000003E-03, 3.341867609999993E-03, 2.831246379999999E-03, 2.567627259999997E-03, 2.257875039999996E-03, 1.910106590000002E-03, 1.583710359999997E-03, 1.403356230000000E-03, 1.561184200000003E-03, 2.313607979999993E-03, 3.980397319999995E-03, 6.949065780000013E-03, 1.168106920000000E-02, 1.871318840000002E-02, 2.865050700000005E-02, 4.215494329999991E-02, 5.994026540000008E-02, 8.278560539999980E-02, 1.115722890000002E-01, 1.473351950000001E-01, 1.913048799999997E-01, 2.449058710000003E-01, 2.769378269999994E-01, 3.096733310000008E-01, 3.870548199999995E-01, 4.780733339999994E-01,
4.206945290000011E-09, 4.206934709999993E-08, 4.206828880000007E-07, 4.205770700000012E-06, 4.195197249999994E-05, 5.448376070000009E-05, 7.074118270000013E-05, 9.181954899999990E-05, 1.191276780000000E-04, 1.544717060000004E-04, 2.001570959999999E-04, 2.591096279999996E-04, 3.350133179999999E-04, 4.324575410000007E-04, 5.570751780000007E-04, 7.156352759999997E-04, 9.160228710000002E-04, 1.166989270000002E-03, 1.477481539999999E-03, 1.855257249999999E-03, 2.304370000000000E-03, 2.821021980000005E-03, 3.387357009999994E-03, 3.963417329999997E-03, 4.480217529999997E-03, 4.846862250000000E-03, 5.005185120000006E-03, 5.022246010000009E-03, 5.021360460000013E-03, 5.036353080000000E-03, 5.108724330000007E-03, 5.324454390000010E-03, 5.824565430000011E-03, 6.807595820000012E-03, 8.529117610000025E-03, 1.130386760000002E-02, 1.551201120000001E-02, 2.160589650000000E-02, 3.011161890000003E-02, 4.162284359999990E-02, 5.679096349999990E-02, 7.632141709999996E-02, 1.009864650000001E-01, 1.316581110000001E-01, 1.693529219999999E-01, 2.152677069999998E-01, 2.707758800000004E-01, 3.037599550000003E-01, 3.373519399999996E-01, 4.163955619999999E-01, 5.089350480000014E-01,
4.485509419999986E-09, 4.485499479999994E-08, 4.485400039999998E-07, 4.484405760000001E-06, 4.474471240000010E-05, 5.811655230000000E-05, 7.546778730000002E-05, 9.797112279999987E-05, 1.271368819999999E-04, 1.649046720000004E-04, 2.137560250000002E-04, 2.768499579999997E-04, 3.581810350000002E-04, 4.627547709999992E-04, 5.967660620000009E-04, 7.677501490000010E-04, 9.846483239999981E-04, 1.257686910000000E-03, 1.597902839999998E-03, 2.016061269999994E-03, 2.520613000000005E-03, 3.114277350000000E-03, 3.788919690000003E-03, 4.518900180000007E-03, 5.255076140000009E-03, 5.929576120000002E-03, 6.502742849999993E-03, 7.082256960000005E-03, 7.370100880000008E-03, 7.727871470000008E-03, 8.219562469999995E-03, 8.949547499999986E-03, 1.007106320000001E-02, 1.178888140000001E-02, 1.436037820000002E-02, 1.809922060000002E-02, 2.338233359999997E-02, 3.065659919999997E-02, 4.044039379999997E-02, 5.331813020000009E-02, 6.993183790000002E-02, 9.097864770000008E-02, 1.172231209999999E-01, 1.495272510000003E-01, 1.888903690000001E-01, 2.364799819999996E-01, 2.936267790000002E-01, 3.274281499999994E-01, 3.617551260000003E-01, 4.422241350000000E-01, 5.360616709999988E-01,
4.764125750000008E-09, 4.764116400000001E-08, 4.764022899999998E-07, 4.763087970000013E-06, 4.753746879999996E-05, 6.174916730000007E-05, 8.019382740000019E-05, 1.041213950000001E-04, 1.351434330000003E-04, 1.753325530000002E-04, 2.273455679999998E-04, 2.945733559999997E-04, 3.813186630000007E-04, 4.929990580000015E-04, 6.363643539999998E-04, 8.197036180000000E-04, 1.052992720000000E-03, 1.347894740000001E-03, 1.717468549999997E-03, 2.175366090000005E-03, 2.734221539999998E-03, 3.402902789999995E-03, 4.182407080000006E-03, 5.060656659999996E-03, 6.008121229999997E-03, 6.983083179999988E-03, 7.977825449999976E-03, 9.166450850000007E-03, 9.771743280000023E-03, 1.049910160000000E-02, 1.142978729999999E-02, 1.268259939999999E-02, 1.442093659999999E-02, 1.685561790000001E-02, 2.024694589999998E-02, 2.490924719999998E-02, 3.121801130000001E-02, 3.961627989999994E-02, 5.061608279999996E-02, 6.479363530000004E-02, 8.278220939999992E-02, 1.052706670000001E-01, 1.330154309999996E-01, 1.668680179999997E-01, 2.078108099999998E-01, 2.569838590000000E-01, 3.156788430000006E-01, 3.502526530000001E-01, 3.852747200000000E-01, 4.670931360000008E-01, 5.621581239999998E-01,
5.321306199999986E-09, 5.321297940000003E-08, 5.321215350000010E-07, 5.320389510000002E-06, 5.312138829999995E-05, 6.901190779999999E-05, 8.964196330000021E-05, 1.164156140000001E-04, 1.511462800000002E-04, 1.961715470000002E-04, 2.544970169999997E-04, 3.299743070000003E-04, 4.275174520000006E-04, 5.533594629999992E-04, 7.153451509999998E-04, 9.232457220000011E-04, 1.189062070000003E-03, 1.527254069999998E-03, 1.954790469999995E-03, 2.490862080000003E-03, 3.156061239999994E-03, 3.970857979999992E-03, 4.953409969999989E-03, 6.117337549999990E-03, 7.471779940000006E-03, 9.032624790000001E-03, 1.087955250000000E-02, 1.336474659999998E-02, 1.465323450000000E-02, 1.616369610000001E-02, 1.800210329999996E-02, 2.030841279999995E-02, 2.326192920000003E-02, 2.708431879999995E-02, 3.204270780000007E-02, 3.845482960000002E-02, 4.669578020000009E-02, 5.720354350000001E-02, 7.048017920000005E-02, 8.708814349999994E-02, 1.076452990000001E-01, 1.328251180000004E-01, 1.633679910000003E-01, 2.001047659999999E-01, 2.439859369999997E-01, 2.961021989999999E-01, 3.576769330000005E-01, 3.936902579999995E-01, 4.300102809999995E-01, 5.143573719999992E-01, 6.117285609999996E-01,
5.878486640000000E-09, 5.878479379999995E-08, 5.878406829999999E-07, 5.877681400000009E-06, 5.870434200000006E-05, 7.627301610000021E-05, 9.908734059999990E-05, 1.287051710000004E-04, 1.671412450000003E-04, 2.169972120000000E-04, 2.816259259999995E-04, 3.653371269999994E-04, 4.736517079999992E-04, 6.136105950000013E-04, 7.941407919999990E-04, 1.026473809999998E-03, 1.324598279999999E-03, 1.705706979999999E-03, 2.190568850000005E-03, 2.803725399999998E-03, 3.573406220000006E-03, 4.531148069999991E-03, 5.711429639999989E-03, 7.152474599999986E-03, 8.901545469999996E-03, 1.103557570000002E-02, 1.373770159999999E-02, 1.756840159999995E-02, 1.956965540000000E-02, 2.188775789999997E-02, 2.464568280000001E-02, 2.799830349999999E-02, 3.213686149999995E-02, 3.729207379999999E-02, 4.373762220000010E-02, 5.179525049999989E-02, 6.184082459999996E-02, 7.430901009999991E-02, 8.969426120000001E-02, 1.085480390000000E-01, 1.314754330000003E-01, 1.591365060000003E-01, 1.922569430000003E-01, 2.316484269999997E-01, 2.782328560000007E-01, 3.330583199999992E-01, 3.972907310000000E-01, 4.346376490000008E-01, 4.721644509999994E-01, 5.588777920000005E-01, 6.584235639999996E-01,
6.435667069999997E-09, 6.435660760000004E-08, 6.435597679999989E-07, 6.434966879999987E-06, 6.428665419999993E-05, 8.353304070000000E-05, 1.085308879999998E-04, 1.409916349999997E-04, 1.831309879999996E-04, 2.378140589999997E-04, 3.087399429999999E-04, 4.006748040000004E-04, 5.197435209999997E-04, 6.737900950000014E-04, 8.728155750000015E-04, 1.129498059999998E-03, 1.459790840000003E-03, 1.883580869999998E-03, 2.425372400000000E-03, 3.114949379999996E-03, 3.987999669999992E-03, 5.086836980000009E-03, 6.461815389999987E-03, 8.175170760000017E-03, 1.031187989999999E-02, 1.301116910000000E-02, 1.656625180000004E-02, 2.175716679999995E-02, 2.447901100000005E-02, 2.760786699999995E-02, 3.127939720000006E-02, 3.565977669999998E-02, 4.094964810000001E-02, 4.738726030000007E-02, 5.525205949999989E-02, 6.486951149999998E-02, 7.661646230000008E-02, 9.092510870000003E-02, 1.082838580000001E-01, 1.292352609999998E-01, 1.543738250000004E-01, 1.843481169999999E-01, 2.198707229999997E-01, 2.617360469999994E-01, 3.108406650000006E-01, 3.681958549999997E-01, 4.349187489999995E-01, 4.735209670000007E-01, 5.121882289999995E-01, 6.011538569999999E-01, 7.027897679999988E-01,
6.992847499999993E-09, 6.992842090000018E-08, 6.992788059999998E-07, 6.992247750000002E-06, 6.986850730000002E-05, 9.079229010000013E-05, 1.179731249999999E-04, 1.532758900000004E-04, 1.991170010000000E-04, 2.586246130000004E-04, 3.358433460000001E-04, 4.359945869999994E-04, 5.658051870000014E-04, 7.339188489999988E-04, 9.514050310000000E-04, 1.232379040000002E-03, 1.594743250000002E-03, 2.061053150000006E-03, 2.659506290000002E-03, 3.425060899999999E-03, 4.400754070000013E-03, 5.639505480000001E-03, 7.207286899999998E-03, 9.189993660000007E-03, 1.170997410000002E-02, 1.496896269999998E-02, 1.937237930000002E-02, 2.592199049999999E-02, 2.936192410000005E-02, 3.329454400000009E-02, 3.786559330000006E-02, 4.325030729999990E-02, 4.965704540000004E-02, 5.733041860000010E-02, 6.655485169999986E-02, 7.765907400000005E-02, 9.102086299999979E-02, 1.070704600000001E-01, 1.262913550000002E-01, 1.492187889999999E-01, 1.764384520000002E-01, 2.085890609999996E-01, 2.463716319999998E-01, 2.905651430000002E-01, 3.420438099999998E-01, 4.017869720000000E-01, 4.708700120000008E-01, 5.106672749999994E-01, 5.504245549999993E-01, 6.415581099999983E-01, 7.452263720000012E-01,
7.550027919999995E-09, 7.550023389999988E-08, 7.549978089999996E-07, 7.549525110000001E-06, 7.545000899999987E-05, 9.805094629999987E-05, 1.274143619999996E-04, 1.655584550000000E-04, 2.151001640000004E-04, 2.794303590000005E-04, 3.629386479999993E-04, 4.713007290000001E-04, 6.118439049999992E-04, 7.940090469999994E-04, 1.029929810000003E-03, 1.335151760000000E-03, 1.729514959999998E-03, 2.238224880000000E-03, 2.893142540000004E-03, 3.734353250000003E-03, 4.812169799999988E-03, 6.190005889999989E-03, 7.949284509999988E-03, 1.019932109999999E-02, 1.309952050000002E-02, 1.691383240000000E-02, 2.215980949999996E-02, 3.005871069999999E-02, 3.420931020000006E-02, 3.893405090000002E-02, 4.438706909999990E-02, 5.075118610000007E-02, 5.824131569999991E-02, 6.710755440000016E-02, 7.763865509999990E-02, 9.016619249999991E-02, 1.050687920000000E-01, 1.227751129999999E-01, 1.437646010000000E-01, 1.685664459999998E-01, 1.977589350000004E-01, 2.319723109999998E-01, 2.718973840000007E-01, 3.182993940000003E-01, 3.720327930000007E-01, 4.340490710000005E-01, 5.053875920000017E-01, 5.463319360000014E-01, 5.871393870000006E-01, 6.803754809999987E-01, 7.860340179999987E-01,
8.107208339999997E-09, 8.107204660000000E-08, 8.107167830000000E-07, 8.106799609999980E-06, 8.103122630000009E-05, 1.053091220000000E-04, 1.368547879999999E-04, 1.778396519999999E-04, 2.310810200000001E-04, 3.002322179999992E-04, 3.900273999999995E-04, 5.065958490000009E-04, 6.578640960000007E-04, 8.540681500000014E-04, 1.108402510000002E-03, 1.437837460000001E-03, 1.864141760000000E-03, 2.415156350000003E-03, 3.126382669999997E-03, 4.042997110000002E-03, 5.222533179999989E-03, 6.738816350000009E-03, 8.688598649999992E-03, 1.120442910000002E-02, 1.448246279999998E-02, 1.884831679999999E-02, 2.493051680000002E-02, 3.416550760000003E-02, 3.901710319999996E-02, 4.452038540000003E-02, 5.083672509999992E-02, 5.815550830000005E-02, 6.669737339999982E-02, 7.671724679999992E-02, 8.850770269999986E-02, 1.024028330000002E-01, 1.187820529999999E-01, 1.380727500000001E-01, 1.607510290000000E-01, 1.873410360000003E-01, 2.184147989999996E-01, 2.545952380000003E-01, 2.965641439999995E-01, 3.450745170000005E-01, 4.009633049999994E-01, 4.651575809999997E-01, 5.386654190000009E-01, 5.807175640000004E-01, 6.225427030000006E-01, 7.178286390000004E-01, 8.254449920000013E-01,
8.664388760000003E-09, 8.664385909999996E-08, 8.664357340000001E-07, 8.664071700000020E-06, 8.661220240000021E-05, 1.125668910000001E-04, 1.462945270000000E-04, 1.901196899999997E-04, 2.470599209999993E-04, 3.210307829999998E-04, 4.171106060000001E-04, 5.418816360000002E-04, 7.038686039999992E-04, 9.141009410000011E-04, 1.186831149999998E-03, 1.540449610000001E-03, 1.998646229999998E-03, 2.591885259999996E-03, 3.359289370000004E-03, 4.351096309999996E-03, 5.632015170000004E-03, 7.286215809999996E-03, 9.425678270000015E-03, 1.220602240000002E-02, 1.585984740000002E-02, 2.077376369999995E-02, 2.768559209999999E-02, 3.824177479999991E-02, 4.378381750000004E-02, 5.005150690000004E-02, 5.721261150000001E-02, 6.546234230000003E-02, 7.502645079999981E-02, 8.616419880000015E-02, 9.917159690000021E-02, 1.143850130000001E-01, 1.321846280000001E-01, 1.529968300000002E-01, 1.772949690000001E-01, 2.055989680000003E-01, 2.384755350000001E-01, 2.765412289999993E-01, 3.204698599999993E-01, 3.710035049999991E-01, 4.289635569999994E-01, 4.952555879999991E-01, 5.708603060000002E-01, 6.139873169999994E-01, 6.568029630000005E-01, 7.540948679999993E-01, 8.636426810000017E-01,
9.221569180000007E-09, 9.221567129999995E-08, 9.221546629999999E-07, 9.221341660000000E-06, 9.219296679999991E-05, 1.198243019999998E-04, 1.557336630000003E-04, 2.023987109999997E-04, 2.630371069999998E-04, 3.418264570000003E-04, 4.441889420000003E-04, 5.771592299999989E-04, 7.498593440000006E-04, 9.741106329999999E-04, 1.265221130000001E-03, 1.642997200000003E-03, 2.133043269999996E-03, 2.768436269999994E-03, 3.591903239999999E-03, 4.658717070000012E-03, 6.040722549999988E-03, 7.832374139999985E-03, 1.016078840000001E-02, 1.320450239999998E-02, 1.723225190000000E-02, 2.269090839999999E-02, 3.042568700000003E-02, 4.228757399999994E-02, 4.850934480000002E-02, 5.552745449999996E-02, 6.351543810000004E-02, 7.267377500000016E-02, 8.323286609999991E-02, 9.545593090000004E-02, 1.096421250000001E-01, 1.261299200000003E-01, 1.453002740000002E-01, 1.675788200000001E-01, 1.934366440000002E-01, 2.233901310000004E-01, 2.580014469999998E-01, 2.978816109999993E-01, 3.436973460000008E-01, 3.961809679999995E-01, 4.561400130000006E-01, 5.244610230000006E-01, 6.021006450000002E-01, 6.462743599999996E-01, 6.900572700000005E-01, 7.893176329999996E-01, 9.007745579999984E-01,
9.778749589999991E-09, 9.778748330000018E-08, 9.778735729999968E-07, 9.778609709999990E-06, 9.777354050000000E-05, 1.270813920000004E-04, 1.651722550000002E-04, 2.146768150000002E-04, 2.790127470000004E-04, 3.626195239999994E-04, 4.712628890000004E-04, 6.124294369999999E-04, 7.958376670000011E-04, 1.034099490000003E-03, 1.343576200000002E-03, 1.745486490000003E-03, 2.267343249999998E-03, 2.944826390000002E-03, 3.824251919999994E-03, 4.965903770000002E-03, 6.448725550000006E-03, 8.377400079999988E-03, 1.089409279999998E-02, 1.420010760000001E-02, 1.860000679999996E-02, 2.460017110000001E-02, 3.315124310000006E-02, 4.630334980000006E-02, 5.319432610000008E-02, 6.094936410000007E-02, 6.974727239999989E-02, 7.979336600000009E-02, 9.132233379999999E-02, 1.046010609999999E-01, 1.199316270000002E-01, 1.376544900000001E-01, 1.581514129999997E-01, 1.818475040000003E-01, 2.092120030000002E-01, 2.407583300000002E-01, 2.770447679999997E-01, 3.186774929999991E-01, 3.663169310000001E-01, 4.206866560000009E-01, 4.825818230000003E-01, 5.528720689999993E-01, 6.324927749999993E-01, 6.776887139999985E-01, 7.224186539999984E-01, 8.236146980000001E-01, 9.369611159999991E-01,
1.033592999999998E-08, 1.033592950000000E-07, 1.033592470000003E-06, 1.033587600000001E-05, 1.033539390000002E-04, 1.343381859999996E-04, 1.746103490000003E-04, 2.269540780000003E-04, 2.949869669999997E-04, 3.834101980000009E-04, 4.983328019999983E-04, 6.476928540000010E-04, 8.418045729999996E-04, 1.094069170000003E-03, 1.421899140000002E-03, 1.847922060000000E-03, 2.401553710000004E-03, 3.121067929999999E-03, 4.056355220000002E-03, 5.272687879999988E-03, 6.856073039999994E-03, 8.921367459999996E-03, 1.162569920000001E-02, 1.519298860000001E-02, 1.996331389999995E-02, 2.650181360000003E-02, 3.586260819999998E-02, 5.028977050000005E-02, 5.783980920000009E-02, 6.631893680000012E-02, 7.591083920000008E-02, 8.682532080000005E-02, 9.930107110000019E-02, 1.136084099999999E-01, 1.300521750000003E-01, 1.489747279999998E-01, 1.707586860000001E-01, 1.958288340000003E-01, 2.246529339999999E-01, 2.577419269999996E-01, 2.956507720000001E-01, 3.389814100000006E-01, 3.883886560000001E-01, 4.445882520000008E-01, 5.083642580000003E-01, 5.805712380000010E-01, 6.621256980000005E-01, 7.083222880000015E-01, 7.539813769999988E-01, 8.570839610000007E-01, 9.723021789999997E-01,
1.089311040000000E-08, 1.089311069999998E-07, 1.089311340000001E-06, 1.089314069999998E-05, 1.089341749999999E-04, 1.415947050000003E-04, 1.840479780000001E-04, 2.392305560000004E-04, 3.109598650000000E-04, 4.041986409999993E-04, 5.253989570000000E-04, 6.829499439999984E-04, 8.877608359999998E-04, 1.154020980000003E-03, 1.500192099999999E-03, 1.950307460000002E-03, 2.535680449999994E-03, 3.297170259999996E-03, 4.288228179999992E-03, 5.579093000000007E-03, 7.262801169999999E-03, 9.464329880000013E-03, 1.235568380000002E-02, 1.618324839999996E-02, 2.132230820000003E-02, 2.839602050000001E-02, 3.856009469999999E-02, 5.424763339999994E-02, 6.244705409999995E-02, 7.163814289999992E-02, 8.200913659999998E-02, 9.377404560000002E-02, 1.071753270000002E-01, 1.224865500000001E-01, 1.400151820000000E-01, 1.601054360000003E-01, 1.831408400000001E-01, 2.095460410000003E-01, 2.397876410000004E-01, 2.743745240000006E-01, 3.138588060000007E-01, 3.588387169999994E-01, 4.099640769999997E-01, 4.679435929999993E-01, 5.335513680000012E-01, 6.076284849999993E-01, 6.910746249999988E-01, 7.382526319999982E-01, 7.848248769999984E-01, 8.898077210000004E-01, 1.006881460000002E+00
};

